1.000000000000000000e+00 2.830000000000000000e+02
1.000000000000000000e+00 1.930000000000000000e+02
2.000000000000000000e+00 1.700000000000000000e+01
4.000000000000000000e+00 1.211000000000000000e+03
4.000000000000000000e+00 6.640000000000000000e+02
2.000000000000000000e+00 4.020000000000000000e+02
5.000000000000000000e+00 1.678000000000000000e+03
0.000000000000000000e+00 4.850000000000000000e+02
4.000000000000000000e+00 4.560000000000000000e+02
1.000000000000000000e+00 2.310000000000000000e+02
1.000000000000000000e+00 1.000000000000000000e+00
4.000000000000000000e+00 2.530000000000000000e+02
4.000000000000000000e+00 3.090000000000000000e+02
2.000000000000000000e+00 1.090000000000000000e+02
2.000000000000000000e+00 6.020000000000000000e+02
3.000000000000000000e+00 6.860000000000000000e+02
1.000000000000000000e+00 1.120000000000000000e+02
3.000000000000000000e+00 8.280000000000000000e+02
4.000000000000000000e+00 4.510000000000000000e+02
1.000000000000000000e+00 1.190000000000000000e+03
2.000000000000000000e+00 2.290000000000000000e+02
2.000000000000000000e+00 7.600000000000000000e+01
5.000000000000000000e+00 8.360000000000000000e+02
1.000000000000000000e+00 2.600000000000000000e+02
2.000000000000000000e+00 1.020000000000000000e+02
2.000000000000000000e+00 7.230000000000000000e+02
1.000000000000000000e+00 1.600000000000000000e+02
4.000000000000000000e+00 1.010000000000000000e+03
3.000000000000000000e+00 3.840000000000000000e+02
1.000000000000000000e+00 1.590000000000000000e+02
