420.41 320.96 421.41 320.91 422.41 320.85 423.41 320.80 424.40 320.73 425.40 320.67 426.40 320.59 427.40 320.52 428.39 320.43 429.39 320.35 430.39 320.26 431.38 320.12 432.35 319.89 433.31 319.60 434.26 319.30 435.18 318.90 436.06 318.44 436.95 317.98 437.89 317.63 438.86 317.38 439.85 317.24 440.85 317.20 441.85 317.22 442.85 317.27 443.84 317.36 444.84 317.46 445.83 317.55 446.83 317.66 447.82 317.76 448.81 317.88 449.80 318.05 450.78 318.25 451.76 318.46 452.74 318.66 453.71 318.87 454.69 319.08 455.67 319.29 456.65 319.50 457.63 319.71 458.60 319.92 458.60 319.92 458.60 319.92 458.60 319.92 458.60 319.92 458.60 319.92 458.60 319.92 458.60 319.92 458.60 319.92 458.60 319.92 458.60 319.92 458.60 319.92 458.60 319.92 458.60 319.92 458.60 319.92
480.19 280.23 479.22 280.47 478.45 281.11 477.83 281.89 477.15 282.62 476.58 283.45 475.95 284.22 475.40 285.06 474.84 285.88 474.23 286.67 473.71 287.53 473.18 288.38 472.66 289.23 472.16 290.10 471.68 290.97 471.21 291.86 470.76 292.75 470.32 293.65 469.91 294.56 469.50 295.48 469.10 296.39 468.73 297.32 468.28 298.21 467.37 298.61 467.37 298.61 468.24 299.10 468.24 299.10 468.24 299.10 468.24 299.10 468.24 299.10 468.24 299.10 468.24 299.10 468.24 299.10 468.24 299.10 468.24 299.10 468.24 299.10 468.24 299.10 468.24 299.10 468.24 299.10 468.24 299.10 468.24 299.10 468.24 299.10 468.24 299.10 468.24 299.10 468.24 299.10 468.24 299.10 468.24 299.10 468.24 299.10 468.24 299.10 468.24 299.10 468.24 299.10 468.24 299.10 468.24 299.10 468.24 299.10
446.88 312.02 446.56 311.07 446.56 311.07 446.56 311.07 446.56 311.07 446.56 311.07 446.56 311.07 447.04 311.95 447.04 311.95 447.68 311.19 448.03 310.25 448.03 310.25 448.03 310.25 448.03 310.25 448.03 310.25 448.03 310.25 448.03 310.25 448.03 310.25 448.03 310.25 448.03 310.25 448.03 310.25 448.75 309.55 448.75 309.55 449.35 308.76 449.35 308.76 449.82 307.87 449.82 307.87 449.82 307.87 449.82 307.87 448.83 308.02 447.90 308.39 447.06 308.94 446.37 309.66 445.89 310.54 445.89 310.54 445.89 310.54 445.89 310.54 445.89 310.54 445.89 310.54 445.89 310.54 445.89 310.54 445.89 310.54 445.89 310.54 445.89 310.54 445.89 310.54 445.89 310.54 445.89 310.54 445.89 310.54 445.89 310.54 445.89 310.54 445.89 310.54 445.89 310.54 445.89 310.54 445.89 310.54
432.31 284.49 432.31 284.49 432.32 285.49 432.32 285.49 432.32 285.49 432.32 285.49 432.47 286.48 432.47 286.48 432.47 286.48 432.47 286.48 432.47 286.48 432.47 286.48 432.47 286.48 432.47 286.48 432.47 286.48 432.47 286.48 432.47 286.48 432.47 286.48 432.47 286.48 432.47 286.48 433.26 287.10 433.26 287.10 434.22 286.80 434.22 286.80 434.22 286.80 434.22 286.80 434.89 287.54 434.89 287.54 434.89 287.54 434.89 287.54 434.89 287.54 434.89 287.54 435.86 287.34 435.86 287.34 436.62 287.99 436.62 287.99 436.62 287.99 437.39 288.62 437.39 288.62 437.39 288.62 437.39 288.62 437.39 288.62 437.39 288.62 437.39 288.62 437.39 288.62 437.39 288.62 437.39 288.62 437.39 288.62 437.39 288.62 437.39 288.62 437.39 288.62 437.39 288.62 437.39 288.62 437.39 288.62
421.83 253.91 421.46 254.84 421.10 255.77 420.72 256.70 420.35 257.62 419.97 258.55 419.58 259.47 419.18 260.39 418.77 261.30 418.34 262.20 417.89 263.09 417.42 263.98 416.95 264.86 416.46 265.73 415.96 266.60 415.44 267.45 414.90 268.29 414.34 269.12 413.77 269.94 413.18 270.75 412.58 271.55 411.97 272.34 411.35 273.13 410.71 273.90 410.08 274.67 409.43 275.43 408.76 276.18 408.09 276.92 407.40 277.64 406.70 278.35 406.70 278.35 406.70 278.35 406.70 278.35 406.70 278.35 406.70 278.35 406.70 278.35 406.70 278.35 406.70 278.35 406.70 278.35 406.70 278.35 406.70 278.35 406.70 278.35 406.70 278.35 406.70 278.35 406.70 278.35 406.70 278.35 406.70 278.35 406.70 278.35 406.70 278.35 406.70 278.35 406.70 278.35 406.70 278.35 406.70 278.35 406.70 278.35
436.79 339.12 435.84 338.82 434.97 338.33 434.14 337.77 433.31 337.21 432.48 336.65 431.64 336.11 430.80 335.57 429.95 335.04 429.10 334.52 428.24 334.00 427.39 333.48 426.54 332.96 425.68 332.44 424.82 331.92 423.97 331.41 423.11 330.89 422.26 330.36 421.41 329.83 420.56 329.30 419.71 328.78 418.86 328.26 417.97 327.80 417.06 327.38 416.15 326.98 415.21 326.62 414.28 326.27 413.33 325.95 412.37 325.66 411.40 325.44 410.43 325.20 409.47 324.91 409.47 324.91 409.47 324.91 409.47 324.91 409.47 324.91 409.47 324.91 409.47 324.91 409.47 324.91 409.47 324.91 409.47 324.91 409.47 324.91 409.47 324.91 409.47 324.91 409.47 324.91 409.47 324.91 409.47 324.91 409.47 324.91 409.47 324.91 409.47 324.91 409.47 324.91 409.47 324.91 409.47 324.91 409.47 324.91
440.72 335.72 440.28 334.82 439.63 334.07 438.88 333.41 438.08 332.80 437.27 332.22 436.45 331.65 435.64 331.06 434.84 330.46 434.05 329.84 433.29 329.19 432.54 328.54 431.78 327.89 431.02 327.23 430.28 326.56 429.59 325.84 428.95 325.07 428.30 324.31 427.66 323.55 427.00 322.79 426.34 322.04 425.44 321.60 424.55 321.15 423.65 320.71 422.75 320.28 421.83 319.88 420.90 319.51 419.95 319.19 419.13 319.75 419.21 320.75 419.38 321.73 419.61 322.71 420.02 323.62 420.63 324.41 421.43 325.01 422.34 325.41 422.34 325.41 422.34 325.41 422.34 325.41 422.34 325.41 422.34 325.41 422.34 325.41 422.34 325.41 422.34 325.41 422.34 325.41 422.34 325.41 422.34 325.41 422.34 325.41 422.34 325.41 422.34 325.41 422.34 325.41 422.34 325.41 422.34 325.41 422.34 325.41
456.58 288.32 455.64 288.66 454.70 288.99 453.77 289.37 452.87 289.81 452.00 290.30 451.13 290.79 451.13 290.79 451.13 290.79 451.13 290.79 451.13 290.79 450.40 290.11 450.40 290.11 450.40 290.11 450.40 290.11 450.40 290.11 450.40 290.11 450.40 290.11 450.40 290.11 450.40 290.11 449.48 289.73 450.02 288.89 450.02 288.89 449.15 288.40 449.75 287.61 449.75 287.61 449.75 287.61 449.75 287.61 450.56 287.02 450.56 287.02 450.56 287.02 450.56 287.02 450.56 287.02 450.56 287.02 450.56 287.02 450.56 287.02 450.56 287.02 450.56 287.02 450.56 287.02 450.56 287.02 450.56 287.02 450.56 287.02 450.56 287.02 450.56 287.02 450.56 287.02 450.56 287.02 450.56 287.02 450.56 287.02 450.56 287.02 450.56 287.02 450.56 287.02 450.56 287.02 450.56 287.02 450.56 287.02
484.43 285.86 485.13 286.58 485.90 287.22 485.03 286.72 485.91 287.20 484.96 286.89 485.58 287.68 484.58 287.65 483.59 287.80 484.58 287.92 483.63 288.24 483.63 288.24 483.63 288.24 483.63 288.24 483.63 288.24 483.63 288.24 483.63 288.24 483.76 289.23 483.76 289.23 483.76 289.23 483.76 289.23 483.76 289.23 483.76 289.23 483.88 290.22 483.88 290.22 483.88 290.22 483.99 291.21 483.99 291.21 483.99 291.21 484.08 292.21 484.16 293.21 484.22 294.20 484.22 294.20 484.22 294.20 484.22 294.20 484.22 294.20 484.22 294.20 484.22 294.20 484.22 294.20 484.22 294.20 484.22 294.20 484.22 294.20 484.22 294.20 484.22 294.20 484.22 294.20 484.22 294.20 484.22 294.20 484.22 294.20 484.22 294.20 484.22 294.20 484.22 294.20 484.22 294.20 484.22 294.20 484.22 294.20
427.36 299.74 427.02 298.80 426.65 297.87 426.24 296.95 425.80 296.06 425.35 295.17 424.89 294.28 424.41 293.40 423.54 292.91 422.66 292.43 421.78 291.96 421.78 291.96 421.78 291.96 422.33 291.13 422.33 291.13 422.33 291.13 423.09 290.48 423.09 290.48 423.09 290.48 424.00 290.06 423.01 290.24 423.98 289.99 423.98 289.99 423.98 289.99 423.98 289.99 424.98 290.02 424.98 290.02 424.98 290.02 424.98 290.02 424.98 290.02 424.43 289.19 425.37 289.53 424.94 288.63 425.87 289.00 425.87 289.00 425.87 289.00 425.87 289.00 425.87 289.00 425.87 289.00 425.87 289.00 425.87 289.00 425.87 289.00 425.87 289.00 425.87 289.00 425.87 289.00 425.87 289.00 425.87 289.00 425.87 289.00 425.87 289.00 425.87 289.00 425.87 289.00 425.87 289.00 425.87 289.00 425.87 289.00
450.27 327.79 450.27 327.79 450.27 327.79 450.27 327.79 449.28 327.86 448.39 327.39 447.52 326.90 446.59 326.54 445.66 326.15 444.67 326.05 443.67 326.00 442.67 325.93 441.68 325.79 440.71 325.58 439.73 325.37 438.73 325.29 437.73 325.33 436.73 325.38 435.74 325.32 434.75 325.12 433.81 324.80 432.89 324.40 431.99 323.98 431.10 323.52 430.21 323.05 429.36 322.53 428.53 321.97 427.73 321.38 426.98 320.71 426.33 319.95 425.77 319.12 425.26 318.26 424.68 317.45 424.04 316.67 423.33 315.97 422.58 315.31 421.83 314.66 421.07 314.00 420.31 313.35 419.58 312.67 418.84 311.99 418.13 311.29 417.42 310.59 416.73 309.86 416.04 309.14 415.36 308.41 414.69 307.66 414.69 307.66 414.69 307.66 414.69 307.66 414.69 307.66 414.69 307.66 414.69 307.66 414.69 307.66
455.63 307.14 455.80 306.15 455.96 305.16 456.13 304.18 456.35 303.20 456.61 302.24 456.90 301.28 457.26 300.35 457.64 299.42 458.04 298.51 458.46 297.60 458.77 296.65 459.08 295.70 459.39 294.75 459.71 293.80 459.71 293.80 459.71 293.80 459.71 293.80 459.71 293.80 458.72 293.63 458.72 293.63 459.60 294.11 458.70 293.68 457.83 293.18 458.65 293.75 458.65 293.75 458.65 293.75 458.65 293.75 458.65 293.75 458.65 293.75 458.65 293.75 458.65 293.75 458.65 293.75 458.65 293.75 458.65 293.75 458.65 293.75 458.65 293.75 458.65 293.75 458.65 293.75 458.65 293.75 458.65 293.75 458.65 293.75 458.65 293.75 458.65 293.75 458.65 293.75 458.65 293.75 458.65 293.75 458.65 293.75 458.65 293.75 458.65 293.75 458.65 293.75 458.65 293.75 458.65 293.75 458.65 293.75
425.40 307.92 424.54 307.42 423.73 306.83 422.91 306.25 422.13 305.64 421.38 304.97 420.68 304.26 420.02 303.51 419.31 302.80 418.56 302.14 417.77 301.52 417.03 300.85 416.37 300.11 415.84 299.25 415.37 298.38 414.94 297.47 414.65 296.51 414.38 295.55 414.15 294.58 414.12 293.58 413.81 292.63 413.87 291.63 413.95 290.63 413.95 290.63 414.07 289.64 414.45 288.72 414.45 288.72 414.86 287.80 414.86 287.80 415.31 286.91 415.47 285.92 415.47 285.92 415.85 285.00 415.85 285.00 416.37 284.14 416.90 283.30 416.90 283.30 416.90 283.30 417.49 282.48 417.49 282.48 418.10 281.69 418.10 281.69 418.74 280.93 418.74 280.93 418.74 280.93 419.43 280.20 419.43 280.20 419.43 280.20 419.43 280.20 419.43 280.20 419.43 280.20 419.43 280.20 419.43 280.20 419.43 280.20
461.81 275.45 461.81 275.45 461.81 275.45 461.81 275.45 461.81 275.45 461.81 275.45 461.81 275.45 461.81 275.45 461.81 275.45 461.81 275.45 461.81 275.45 461.81 275.45 461.81 275.45 461.81 275.45 461.81 275.45 461.81 275.45 461.81 275.45 461.81 275.45 461.81 275.45 461.81 275.45 461.81 275.45 461.81 275.45 461.81 275.45 461.81 275.45 461.81 275.45 461.81 275.45 461.81 275.45 461.81 275.45 461.81 275.45 461.81 275.45 461.81 275.45 461.81 275.45 461.81 275.45 461.81 275.45 461.81 275.45 461.81 275.45 461.81 275.45 461.81 275.45 461.81 275.45 461.81 275.45 461.81 275.45 461.81 275.45 461.81 275.45 461.81 275.45 461.81 275.45 461.81 275.45 461.81 275.45 461.81 275.45 461.81 275.45 461.81 275.45 461.81 275.45 461.81 275.45 461.81 275.45 461.81 275.45
443.48 296.65 443.13 297.59 442.83 298.54 442.63 299.52 442.47 300.51 442.26 301.48 441.89 302.42 441.40 303.29 440.77 304.06 440.07 303.34 440.07 303.34 440.07 303.34 440.07 303.34 440.07 303.34 440.07 303.34 440.07 303.34 440.07 303.34 440.07 303.34 440.07 303.34 440.07 303.34 440.07 303.34 440.07 303.34 440.07 303.34 440.07 303.34 440.07 303.34 440.07 303.34 440.07 303.34 440.07 303.34 440.07 303.34 439.19 302.87 439.19 302.87 438.40 302.26 438.40 302.26 438.40 302.26 439.32 302.64 439.32 302.64 439.32 302.64 439.32 302.64 439.32 302.64 439.32 302.64 439.32 302.64 439.32 302.64 439.32 302.64 439.32 302.64 439.32 302.64 439.32 302.64 439.32 302.64 439.32 302.64 439.32 302.64 439.32 302.64 439.32 302.64 439.32 302.64 439.32 302.64 439.32 302.64
461.26 302.80 462.23 302.55 463.20 302.35 464.19 302.17 465.17 301.99 466.15 301.80 467.13 301.57 468.12 301.70 468.12 301.70 468.12 301.70 468.12 301.70 468.12 301.70 468.12 301.70 468.12 301.70 468.12 301.70 468.12 301.70 467.84 302.66 467.57 303.62 467.32 304.59 467.09 305.56 466.87 306.54 466.68 307.52 466.51 308.50 466.42 309.50 466.42 309.50 466.42 309.50 466.42 309.50 466.42 309.50 466.42 309.50 466.42 309.50 466.42 309.50 466.42 309.50 466.42 309.50 466.42 309.50 466.42 309.50 466.42 309.50 466.42 309.50 466.42 309.50 466.42 309.50 466.42 309.50 466.42 309.50 466.42 309.50 466.42 309.50 466.42 309.50 466.42 309.50 466.42 309.50 466.42 309.50 466.42 309.50 466.42 309.50 466.42 309.50 466.42 309.50 466.42 309.50 466.42 309.50 466.42 309.50
476.26 309.13 476.26 309.13 476.26 309.13 476.26 309.13 476.26 309.13 476.26 309.13 476.26 309.13 476.26 309.13 476.26 309.13 476.26 309.13 476.26 309.13 476.26 309.13 476.26 309.13 476.26 309.13 476.26 309.13 476.26 309.13 476.26 309.13 476.26 309.13 476.26 309.13 477.19 309.50 477.19 309.50 477.19 309.50 477.19 309.50 477.19 309.50 477.19 309.50 477.19 309.50 477.19 309.50 477.19 309.50 477.19 309.50 477.19 309.50 477.19 309.50 477.19 309.50 477.19 309.50 477.19 309.50 477.19 309.50 477.19 309.50 477.19 309.50 477.19 309.50 477.19 309.50 477.19 309.50 477.19 309.50 477.19 309.50 477.19 309.50 477.19 309.50 477.19 309.50 477.19 309.50 477.19 309.50 477.19 309.50 477.19 309.50 477.19 309.50 477.19 309.50 477.19 309.50 477.19 309.50 477.19 309.50
435.88 303.96 435.82 302.96 435.58 301.99 435.20 301.07 434.92 300.11 434.70 299.13 433.79 298.72 432.93 298.20 432.13 297.60 431.32 297.02 431.32 297.02 431.32 297.02 431.32 297.02 431.32 297.02 431.32 297.02 431.32 297.02 431.32 297.02 431.32 297.02 431.32 297.02 430.51 297.60 430.51 297.60 430.51 297.60 430.51 297.60 430.51 297.60 430.51 297.60 431.09 298.41 431.09 298.41 431.09 298.41 431.09 298.41 430.22 297.92 430.22 297.92 429.24 297.74 429.24 297.74 429.60 298.67 429.60 298.67 429.60 298.67 429.60 298.67 429.60 298.67 429.60 298.67 429.60 298.67 429.60 298.67 429.60 298.67 429.60 298.67 429.60 298.67 429.60 298.67 429.60 298.67 429.60 298.67 429.60 298.67 429.60 298.67 429.60 298.67 429.60 298.67 429.60 298.67 429.60 298.67 429.60 298.67
450.21 271.12 450.92 270.42 450.92 270.42 450.92 270.42 450.92 270.42 450.92 270.42 450.92 270.42 450.92 270.42 450.92 270.42 450.92 270.42 450.92 270.42 450.92 270.42 450.92 270.42 450.92 270.42 450.92 270.42 450.92 270.42 450.92 270.42 450.92 270.42 450.92 270.42 450.39 271.26 450.39 271.26 450.39 271.26 450.39 271.26 450.39 271.26 450.39 271.26 450.39 271.26 450.39 271.26 450.39 271.26 450.39 271.26 450.39 271.26 450.39 271.26 450.39 271.26 450.39 271.26 450.39 271.26 450.39 271.26 450.39 271.26 450.39 271.26 450.39 271.26 450.39 271.26 450.39 271.26 450.39 271.26 450.39 271.26 450.39 271.26 450.39 271.26 450.39 271.26 450.39 271.26 450.39 271.26 450.39 271.26 450.39 271.26 450.39 271.26 450.39 271.26 450.39 271.26 450.39 271.26 450.39 271.26
492.27 293.35 492.80 292.50 493.44 291.73 493.72 290.77 494.13 289.86 494.20 288.86 494.30 287.87 494.09 286.89 493.86 285.92 493.68 284.94 493.44 283.96 493.44 283.96 493.44 283.96 493.44 283.96 493.44 283.96 493.44 283.96 493.44 283.96 493.44 283.96 493.44 283.96 493.44 283.96 493.44 283.96 493.59 284.95 493.59 284.95 493.73 285.94 493.73 285.94 493.73 285.94 493.73 285.94 493.73 285.94 493.73 285.94 493.73 285.94 493.73 285.94 493.73 285.94 493.73 285.94 493.73 285.94 493.73 285.94 493.73 285.94 493.73 285.94 493.73 285.94 493.73 285.94 493.73 285.94 493.73 285.94 493.73 285.94 493.73 285.94 493.73 285.94 493.73 285.94 493.73 285.94 493.73 285.94 493.73 285.94 493.73 285.94 493.73 285.94 493.73 285.94 493.73 285.94 493.73 285.94 493.73 285.94
