5.000000000000000000e+00 1.430000000000000000e+02
5.000000000000000000e+00 6.700000000000000000e+01
5.000000000000000000e+00 1.080000000000000000e+02
5.000000000000000000e+00 1.040000000000000000e+02
5.000000000000000000e+00 4.890000000000000000e+02
5.000000000000000000e+00 1.210000000000000000e+02
5.000000000000000000e+00 7.600000000000000000e+01
5.000000000000000000e+00 1.080000000000000000e+02
5.000000000000000000e+00 1.440000000000000000e+02
5.000000000000000000e+00 1.770000000000000000e+03
1.500000000000000000e+01 1.300000000000000000e+02
1.500000000000000000e+01 2.040000000000000000e+02
1.500000000000000000e+01 3.000000000000000000e+02
1.500000000000000000e+01 1.900000000000000000e+02
1.500000000000000000e+01 1.670000000000000000e+02
1.500000000000000000e+01 2.910000000000000000e+02
1.500000000000000000e+01 1.040000000000000000e+02
1.500000000000000000e+01 2.910000000000000000e+02
1.500000000000000000e+01 2.470000000000000000e+02
1.500000000000000000e+01 1.490000000000000000e+02
2.500000000000000000e+01 2.750000000000000000e+02
2.500000000000000000e+01 3.210000000000000000e+02
2.500000000000000000e+01 2.750000000000000000e+02
2.500000000000000000e+01 4.020000000000000000e+02
2.500000000000000000e+01 2.760000000000000000e+02
2.500000000000000000e+01 1.730000000000000000e+02
2.500000000000000000e+01 2.800000000000000000e+02
2.500000000000000000e+01 2.420000000000000000e+02
2.500000000000000000e+01 2.050000000000000000e+02
2.500000000000000000e+01 3.090000000000000000e+02
3.500000000000000000e+01 4.020000000000000000e+02
3.500000000000000000e+01 5.560000000000000000e+02
3.500000000000000000e+01 3.850000000000000000e+02
3.500000000000000000e+01 2.990000000000000000e+02
3.500000000000000000e+01 4.730000000000000000e+02
3.500000000000000000e+01 2.150000000000000000e+02
3.500000000000000000e+01 1.302000000000000000e+03
3.500000000000000000e+01 2.160000000000000000e+02
3.500000000000000000e+01 2.380000000000000000e+02
3.500000000000000000e+01 2.910000000000000000e+02
4.500000000000000000e+01 4.130000000000000000e+02
4.500000000000000000e+01 3.840000000000000000e+02
4.500000000000000000e+01 2.870000000000000000e+02
4.500000000000000000e+01 4.330000000000000000e+02
4.500000000000000000e+01 8.230000000000000000e+02
4.500000000000000000e+01 2.200000000000000000e+02
4.500000000000000000e+01 3.970000000000000000e+02
4.500000000000000000e+01 3.530000000000000000e+02
4.500000000000000000e+01 1.790000000000000000e+02
4.500000000000000000e+01 1.770000000000000000e+02
5.500000000000000000e+01 3.850000000000000000e+02
5.500000000000000000e+01 5.590000000000000000e+02
5.500000000000000000e+01 5.020000000000000000e+02
5.500000000000000000e+01 3.790000000000000000e+02
5.500000000000000000e+01 5.650000000000000000e+02
5.500000000000000000e+01 2.910000000000000000e+02
5.500000000000000000e+01 3.060000000000000000e+02
5.500000000000000000e+01 4.070000000000000000e+02
5.500000000000000000e+01 4.620000000000000000e+02
5.500000000000000000e+01 4.820000000000000000e+02
6.500000000000000000e+01 4.960000000000000000e+02
6.500000000000000000e+01 5.220000000000000000e+02
6.500000000000000000e+01 6.320000000000000000e+02
6.500000000000000000e+01 1.270000000000000000e+03
6.500000000000000000e+01 4.820000000000000000e+02
6.500000000000000000e+01 6.050000000000000000e+02
6.500000000000000000e+01 8.110000000000000000e+02
6.500000000000000000e+01 3.320000000000000000e+02
6.500000000000000000e+01 5.900000000000000000e+02
6.500000000000000000e+01 6.690000000000000000e+02
7.500000000000000000e+01 1.359000000000000000e+03
7.500000000000000000e+01 5.430000000000000000e+02
7.500000000000000000e+01 5.570000000000000000e+02
7.500000000000000000e+01 6.050000000000000000e+02
7.500000000000000000e+01 6.390000000000000000e+02
7.500000000000000000e+01 5.860000000000000000e+02
7.500000000000000000e+01 6.140000000000000000e+02
7.500000000000000000e+01 3.790000000000000000e+02
7.500000000000000000e+01 7.970000000000000000e+02
7.500000000000000000e+01 5.820000000000000000e+02
8.500000000000000000e+01 6.670000000000000000e+02
8.500000000000000000e+01 9.300000000000000000e+02
8.500000000000000000e+01 1.785000000000000000e+03
8.500000000000000000e+01 8.070000000000000000e+02
8.500000000000000000e+01 1.077000000000000000e+03
8.500000000000000000e+01 7.470000000000000000e+02
8.500000000000000000e+01 8.450000000000000000e+02
8.500000000000000000e+01 2.500000000000000000e+03
8.500000000000000000e+01 8.040000000000000000e+02
8.500000000000000000e+01 1.103000000000000000e+03
9.500000000000000000e+01 1.930000000000000000e+03
9.500000000000000000e+01 1.359000000000000000e+03
9.500000000000000000e+01 1.245000000000000000e+03
9.500000000000000000e+01 6.430000000000000000e+02
9.500000000000000000e+01 1.624000000000000000e+03
9.500000000000000000e+01 8.910000000000000000e+02
9.500000000000000000e+01 8.530000000000000000e+02
9.500000000000000000e+01 9.270000000000000000e+02
9.500000000000000000e+01 9.660000000000000000e+02
9.500000000000000000e+01 5.680000000000000000e+02
5.000000000000000000e+01 4.070000000000000000e+02
5.000000000000000000e+01 4.670000000000000000e+02
5.000000000000000000e+01 5.180000000000000000e+02
5.000000000000000000e+01 2.700000000000000000e+02
5.000000000000000000e+01 7.170000000000000000e+02
5.000000000000000000e+01 2.050000000000000000e+02
5.000000000000000000e+01 3.820000000000000000e+02
5.000000000000000000e+01 4.050000000000000000e+02
5.000000000000000000e+01 5.020000000000000000e+02
5.000000000000000000e+01 5.750000000000000000e+02
6.000000000000000000e+01 3.700000000000000000e+02
6.000000000000000000e+01 1.170000000000000000e+03
6.000000000000000000e+01 7.530000000000000000e+02
6.000000000000000000e+01 4.940000000000000000e+02
6.000000000000000000e+01 3.940000000000000000e+02
6.000000000000000000e+01 4.280000000000000000e+02
6.000000000000000000e+01 4.030000000000000000e+02
6.000000000000000000e+01 5.650000000000000000e+02
6.000000000000000000e+01 3.620000000000000000e+02
6.000000000000000000e+01 1.446000000000000000e+03
7.000000000000000000e+01 4.300000000000000000e+02
7.000000000000000000e+01 5.700000000000000000e+02
7.000000000000000000e+01 5.960000000000000000e+02
7.000000000000000000e+01 5.580000000000000000e+02
7.000000000000000000e+01 5.550000000000000000e+02
7.000000000000000000e+01 5.560000000000000000e+02
7.000000000000000000e+01 8.470000000000000000e+02
7.000000000000000000e+01 7.840000000000000000e+02
7.000000000000000000e+01 7.660000000000000000e+02
7.000000000000000000e+01 4.790000000000000000e+02
8.000000000000000000e+01 7.820000000000000000e+02
8.000000000000000000e+01 5.540000000000000000e+02
8.000000000000000000e+01 9.090000000000000000e+02
8.000000000000000000e+01 1.382000000000000000e+03
8.000000000000000000e+01 1.058000000000000000e+03
8.000000000000000000e+01 1.274000000000000000e+03
8.000000000000000000e+01 1.106000000000000000e+03
8.000000000000000000e+01 1.257000000000000000e+03
8.000000000000000000e+01 1.255000000000000000e+03
8.000000000000000000e+01 5.720000000000000000e+02
9.000000000000000000e+01 8.700000000000000000e+02
9.000000000000000000e+01 6.820000000000000000e+02
9.000000000000000000e+01 9.460000000000000000e+02
9.000000000000000000e+01 7.270000000000000000e+02
9.000000000000000000e+01 6.070000000000000000e+02
9.000000000000000000e+01 8.680000000000000000e+02
9.000000000000000000e+01 1.359000000000000000e+03
9.000000000000000000e+01 7.450000000000000000e+02
9.000000000000000000e+01 9.700000000000000000e+02
9.000000000000000000e+01 6.540000000000000000e+02
1.000000000000000000e+02 8.090000000000000000e+02
1.000000000000000000e+02 1.465000000000000000e+03
1.000000000000000000e+02 8.000000000000000000e+02
1.000000000000000000e+02 1.041000000000000000e+03
1.000000000000000000e+02 7.880000000000000000e+02
1.000000000000000000e+02 1.183000000000000000e+03
1.000000000000000000e+02 1.060000000000000000e+03
1.000000000000000000e+02 9.090000000000000000e+02
1.000000000000000000e+02 8.970000000000000000e+02
1.000000000000000000e+02 1.895000000000000000e+03
1.000000000000000000e+01 2.490000000000000000e+02
1.000000000000000000e+01 7.560000000000000000e+02
1.000000000000000000e+01 8.700000000000000000e+01
1.000000000000000000e+01 1.660000000000000000e+02
1.000000000000000000e+01 2.710000000000000000e+02
1.000000000000000000e+01 2.120000000000000000e+02
1.000000000000000000e+01 1.480000000000000000e+02
1.000000000000000000e+01 2.070000000000000000e+02
1.000000000000000000e+01 1.530000000000000000e+02
1.000000000000000000e+01 1.060000000000000000e+02
2.000000000000000000e+01 3.880000000000000000e+02
2.000000000000000000e+01 3.140000000000000000e+02
2.000000000000000000e+01 3.020000000000000000e+02
2.000000000000000000e+01 2.220000000000000000e+02
2.000000000000000000e+01 2.350000000000000000e+02
2.000000000000000000e+01 2.020000000000000000e+02
2.000000000000000000e+01 2.390000000000000000e+02
2.000000000000000000e+01 1.730000000000000000e+02
2.000000000000000000e+01 2.190000000000000000e+02
2.000000000000000000e+01 9.200000000000000000e+01
3.000000000000000000e+01 4.870000000000000000e+02
3.000000000000000000e+01 2.670000000000000000e+02
3.000000000000000000e+01 1.970000000000000000e+02
3.000000000000000000e+01 2.330000000000000000e+02
3.000000000000000000e+01 5.460000000000000000e+02
3.000000000000000000e+01 1.760000000000000000e+02
3.000000000000000000e+01 3.410000000000000000e+02
3.000000000000000000e+01 2.020000000000000000e+02
3.000000000000000000e+01 1.240000000000000000e+02
3.000000000000000000e+01 3.340000000000000000e+02
4.000000000000000000e+01 2.220000000000000000e+02
4.000000000000000000e+01 9.050000000000000000e+02
4.000000000000000000e+01 1.800000000000000000e+02
4.000000000000000000e+01 3.800000000000000000e+02
4.000000000000000000e+01 2.980000000000000000e+02
4.000000000000000000e+01 3.660000000000000000e+02
4.000000000000000000e+01 3.610000000000000000e+02
4.000000000000000000e+01 4.250000000000000000e+02
4.000000000000000000e+01 3.230000000000000000e+02
4.000000000000000000e+01 3.830000000000000000e+02
